% latex table generated in R 4.5.0 by xtable 1.8-4 package
% Tue Feb  3 20:14:03 2026
\begin{tabular}{rrrrrrr}
  \hline
 & PPSF & elasticity & lanewaySingleShare & duplexShare & multiplexShare & medianIncome \\ 
  \hline
PPSF & 1.00 & 0.28 & -0.48 & -0.46 & -0.25 & 0.45 \\ 
  elasticity & 0.28 & 1.00 & -0.22 & 0.14 & -0.14 & 0.02 \\ 
  lanewaySingleShare & -0.48 & -0.22 & 1.00 & 0.07 & 0.31 & -0.42 \\ 
  duplexShare & -0.46 & 0.14 & 0.07 & 1.00 & -0.06 & -0.26 \\ 
  multiplexShare & -0.25 & -0.14 & 0.31 & -0.06 & 1.00 & -0.39 \\ 
  medianIncome & 0.45 & 0.02 & -0.42 & -0.26 & -0.39 & 1.00 \\ 
   \hline
\end{tabular}
