% latex table generated in R 4.5.2 by xtable 1.8-4 package
% Mon Feb  9 17:11:18 2026
\begin{tabular}{lrrrrrrr}
  \hline
Variable & laneway & lmedianIncome & singlePremium & elasticity & duplex & multiplex & medianPPSF \\ 
  \hline
laneway & 1.00 & -0.42 & -0.42 & -0.39 & 0.19 & 0.28 & -0.49 \\ 
  lmedianIncome & -0.42 & 1.00 & 0.50 & 0.49 & -0.32 & -0.32 & 0.49 \\ 
  singlePremium & -0.42 & 0.50 & 1.00 & 0.99 & -0.63 & -0.21 & 0.93 \\ 
  elasticity & -0.39 & 0.49 & 0.99 & 1.00 & -0.67 & -0.20 & 0.91 \\ 
  duplex & 0.19 & -0.32 & -0.63 & -0.67 & 1.00 & -0.05 & -0.55 \\ 
  multiplex & 0.28 & -0.32 & -0.21 & -0.20 & -0.05 & 1.00 & -0.22 \\ 
  medianPPSF & -0.49 & 0.49 & 0.93 & 0.91 & -0.55 & -0.22 & 1.00 \\ 
   \hline
\end{tabular}
